Item weights: [5, 129, 38, 137, 22, 4, 141, 101, 51, 17, 120, 146, 140, 168, 172, 89, 137, 106, 30, 155, 194, 149, 187, 142, 82, 33, 50, 126, 180, 41, 53, 33, 119, 121, 5, 54, 84, 57, 65, 194, 131, 25, 94, 184, 66, 105, 69, 37, 169, 9, 23, 112, 182, 7, 83, 69, 22, 147, 45, 58, 147, 106, 66, 148, 177, 1, 187, 40, 152, 3, 9, 164, 167, 86, 170, 162, 90, 41, 140, 76, 196, 72, 74, 109, 195, 36, 80, 74, 102, 168, 85, 146, 184, 40, 88, 29, 188, 107, 76, 108, 85, 156, 71, 195, 18, 47, 196, 68, 33, 160, 57, 124, 56, 72, 183, 135, 127, 60, 83, 18, 139, 101, 100, 176, 49, 22, 199, 145, 2, 13, 39, 193, 31, 41, 69, 149, 199, 198, 193, 85, 186, 170, 198, 170, 57, 97, 62, 21, 68, 135, 74, 142, 17, 188, 88, 154, 154, 81, 132, 70, 121, 54, 185, 41, 121, 60, 1, 77, 128, 181, 185, 178, 7, 194, 84, 187, 79, 79, 96, 3, 49, 24, 122, 171, 36, 125, 150, 81, 69, 141, 91, 50, 133, 143, 32, 170, 178, 67, 12, 17].
Resulting configuration: [2039, 1980, 1993, 2018, 2016, 1978, 2009, 2038, 1994, 2011]. With fitness 1.639344262295082.
Resulting configuration: [2003, 1990, 2023, 2011, 2010, 2033, 2014, 1992, 2001, 1999]. With fitness 2.3255813953488373.
Resulting configuration: [2041, 1969, 2036, 2041, 1992, 1978, 2047, 1964, 2034, 1974]. With fitness 1.2048192771084338.
Resulting configuration: [2030, 1994, 1987, 2023, 2023, 2006, 1999, 2000, 2024, 1990]. With fitness 2.3255813953488373.
Resulting configuration: [1959, 2010, 1972, 2027, 2051, 2018, 2007, 2000, 2045, 1987]. With fitness 1.0869565217391304.
Item weights: [88, 18, 146, 184, 191, 148, 156, 57, 131, 56, 27, 141, 91, 163, 169, 89, 165, 49, 61, 125, 98, 26, 83, 41, 49, 80, 59, 74, 62, 37, 3, 20, 13, 88, 176, 105, 130, 1, 166, 183, 21, 171, 22, 157, 72, 3, 54, 138, 30, 117, 52, 16, 80, 175, 87, 112, 103, 168, 155, 165, 131, 200, 15, 11, 120, 175, 1, 167, 55, 52, 115, 197, 94, 122, 171, 114, 173, 107, 178, 25, 105, 80, 126, 194, 12, 93, 200, 151, 182, 27, 142, 61, 128, 106, 110, 45, 90, 116, 196, 146, 107, 141, 162, 199, 103, 188, 10, 75, 71, 136, 92, 47, 85, 52, 132, 44, 149, 105, 174, 129, 174, 89, 8, 68, 154, 173, 65, 55, 90, 112, 53, 163, 157, 100, 192, 72, 170, 35, 95, 75, 193, 173, 182, 46, 46, 39, 194, 174, 40, 26, 86, 142, 172, 182, 15, 30, 126, 43, 136, 11, 198, 68, 120, 157, 110, 151, 95, 18, 73, 195, 145, 138, 42, 116, 157, 56, 121, 49, 105, 162, 129, 21, 130, 106, 169, 90, 131, 183, 57, 97, 91, 181, 166, 2, 179, 41, 60, 72, 79, 117].
Resulting configuration: [2056, 2115, 2096, 2104, 2088, 2083, 2055, 2119, 2101, 2097]. With fitness 1.5625.
Resulting configuration: [2103, 2095, 2091, 2063, 2032, 2135, 2129, 2153, 2064, 2049]. With fitness 0.8264462809917356.
Resulting configuration: [2100, 2066, 2084, 2091, 2133, 2092, 2109, 2047, 2070, 2122]. With fitness 1.1627906976744187.
Resulting configuration: [2103, 2133, 2131, 2043, 2047, 2116, 2009, 2110, 2093, 2129]. With fitness 0.8064516129032258.
Resulting configuration: [2113, 2093, 2079, 2065, 2106, 2067, 2104, 2113, 2098, 2076]. With fitness 2.0833333333333335.
