Resulting configuration: [2140, 1958, 2038, 1805, 2160, 1758, 1799, 2150, 2085, 2169]. With fitness 0.24330900243309003.
Resulting configuration: [2184, 2133, 2155, 1879, 1992, 2176, 2083, 2162, 2204, 1983]. With fitness 0.3076923076923077.
Resulting configuration: [2006, 2268, 2043, 2178, 2243, 2093, 2022, 2050, 2124, 2098]. With fitness 0.3816793893129771.
Resulting configuration: [1920, 2034, 1972, 1996, 2001, 1998, 1914, 2010, 1982, 1950]. With fitness 0.8333333333333334.
Resulting configuration: [1982, 2063, 1971, 2095, 1975, 1978, 2035, 2091, 1967, 1884]. With fitness 0.47393364928909953.

Resulting configuration: [2132, 2127, 2161, 2058, 1923, 2198, 2117, 2185, 2033, 1919]. With fitness 0.35842293906810035.
Resulting configuration: [2018, 1974, 2122, 2203, 2061, 2078, 2024, 2023, 2050, 2300]. With fitness 0.3067484662576687.
Resulting configuration: [2010, 2047, 2322, 2039, 2196, 1973, 2149, 2048, 2103, 1966]. With fitness 0.2808988764044944.
Resulting configuration: [2305, 1946, 2201, 2227, 1783, 2396, 1863, 1881, 2304, 1947]. With fitness 0.1631321370309951.
Resulting configuration: [2117, 2033, 2117, 1993, 2152, 2016, 2141, 2045, 2032, 2207]. With fitness 0.4672897196261682.

Item weights: [138, 185, 66, 47, 113, 183, 112, 154, 172, 13, 58, 174, 32, 123, 173, 104, 54, 151, 96, 196, 121, 167, 179, 200, 76, 102, 188, 149, 28, 137, 119, 86, 130, 115, 141, 175, 189, 115, 172, 82, 133, 2, 184, 137, 113, 55, 92, 2, 178, 171, 185, 27, 134, 35, 118, 117, 78, 70, 89, 51, 71, 156, 24, 41, 99, 6, 23, 35, 111, 76, 24, 29, 101, 133, 149, 176, 86, 44, 60, 155, 143, 106, 190, 30, 170, 65, 165, 23, 98, 31, 30, 77, 127, 191, 197, 161, 197, 165, 167, 174, 144, 179, 14, 82, 50, 184, 48, 52, 25, 78, 34, 101, 7, 89, 139, 159, 19, 189, 74, 113, 160, 107, 85, 170, 192, 136, 61, 150, 75, 187, 154, 170, 189, 19, 166, 53, 148, 132, 199, 166, 63, 107, 165, 84, 188, 114, 10, 151, 124, 56, 37, 133, 74, 137, 110, 141, 104, 6, 120, 91, 54, 19, 20, 99, 111, 27, 172, 151, 32, 29, 113, 8, 24, 5, 50, 168, 149, 130, 96, 135, 29, 51, 61, 175, 90, 134, 185, 166, 74, 104, 48, 160, 55, 111, 81, 33, 125, 162, 96, 180].
Resulting configuration: [2141, 2024, 2121, 2051, 2293, 2190, 2107, 2115, 2142, 2134]. With fitness 0.37174721189591076.
Resulting configuration: [2269, 2262, 2251, 2015, 1935, 2214, 2055, 2315, 1959, 2043]. With fitness 0.2631578947368421.
Resulting configuration: [2200, 1952, 1965, 2233, 2202, 2079, 2315, 2072, 1985, 2315]. With fitness 0.27548209366391185.
Resulting configuration: [2157, 2172, 2268, 2121, 2104, 2051, 2055, 2157, 2178, 2055]. With fitness 0.4608294930875576.
Resulting configuration: [1969, 1999, 2257, 2115, 2243, 1958, 2058, 2124, 2337, 2258]. With fitness 0.2638522427440633.
