Item weights: [74, 190, 23, 115, 139, 115, 85, 90, 83, 182, 139, 49, 94, 83, 106, 194, 89, 145, 17, 51, 35, 14, 58, 118, 97, 132, 163, 111, 120, 195, 49, 51, 167, 161, 129, 8, 20, 183, 150, 139, 67, 161, 99, 57, 87, 25, 7, 9, 144, 129, 72, 38, 158, 140, 199, 17, 153, 164, 83, 16, 147, 95, 83, 150, 113, 185, 169, 65, 127, 164, 199, 55, 39, 161, 192, 6, 199, 176, 170, 129, 80, 171, 43, 114, 8, 32, 152, 39, 150, 119, 148, 149, 172, 28, 23, 166, 187, 173, 26, 139, 128, 70, 21, 50, 79, 5, 107, 31, 129, 137, 49, 41, 141, 124, 23, 79, 90, 72, 42, 57, 197, 103, 196, 84, 198, 24, 74, 53, 64, 165, 54, 53, 48, 165, 190, 37, 193, 64, 198, 16, 48, 142, 65, 118, 11, 173, 139, 126, 195, 43, 105, 103, 94, 189, 70, 25, 8, 77, 181, 149, 110, 79, 151, 71, 69, 157, 170, 87, 73, 148, 16, 166, 176, 181, 158, 96, 4, 162, 40, 139, 107, 11, 182, 84, 38, 14, 110, 192, 183, 143, 13, 35, 61, 40, 157, 118, 112, 96, 144, 168].

Resulting configuration: [2085, 2114, 2110, 2091, 2059, 2081, 2031, 2018, 2053, 2062]. 
With fitness 1.0416666666666667. In 258.3908181190491 seconds.

Resulting configuration: [2076, 2101, 2050, 2023, 2104, 2061, 2029, 2054, 2116, 2090]. 
With fitness 1.075268817204301. In 222.08406400680542 seconds.

Resulting configuration: [2109, 2070, 2033, 2024, 2070, 2071, 2078, 2102, 2048, 2099]. 
With fitness 1.1764705882352942. In 223.70492482185364 seconds.

Resulting configuration: [2048, 2075, 2069, 2024, 2069, 2111, 2099, 2027, 2071, 2111]. 
With fitness 1.1494252873563218. In 231.10620617866516 seconds.

Resulting configuration: [2111, 2021, 2071, 2025, 2018, 2119, 2109, 2103, 2068, 2059]. 
With fitness 0.9900990099009901. In 238.52589893341064 seconds.