Item weights: [6.5, 74.0, 226.5, 84.0, 7.5, 315.0, 136.5, 192.0, 697.5, 595.0, 539.0, 24.0, 754.0, 1127.0, 960.0, 1440.0, 1011.5, 198.0, 1748.0, 290.0, 1071.0, 2123.0, 80.5, 336.0, 1237.5, 1560.0, 2632.5, 2226.0, 174.0, 1845.0, 2588.5, 1376.0, 2574.0, 1734.0, 2380.0, 558.0, 3330.0, 247.0, 3003.0, 440.0, 2316.5, 1512.0, 666.5, 44.0, 4455.0, 805.0, 3548.5, 2400.0, 1176.0, 3975.0, 2346.0, 2184.0, 4982.0, 5292.0, 522.5, 3948.0, 2878.5, 2117.0, 1888.0, 1950.0, 1128.5, 1240.0, 850.5, 3840.0, 97.5, 957.0, 435.5, 6392.0, 2173.5, 1505.0, 6425.5, 3060.0, 4380.0, 6179.0, 562.5, 4826.0, 3503.5, 1404.0, 355.5, 4800.0, 931.5, 1558.0, 2573.0, 6048.0, 5737.5, 387.0, 5611.5, 5280.0, 44.5, 7605.0, 3549.0, 6026.0, 4464.0, 7567.0, 1472.5, 3168.0, 5723.0, 5096.0, 3019.5, 7150.0, 1868.5, 9588.0, 4892.5, 8996.0, 2152.5, 5035.0, 7490.0, 10098.0, 3706.0, 10835.0, 555.0, 6272.0, 1864.5, 8094.0, 10637.5, 8584.0, 8248.5, 1593.0, 11424.0, 120.0, 8349.0, 9516.0, 7318.5, 8618.0, 11000.0, 126.0, 4381.5, 1920.0, 9481.5, 10790.0, 1965.0, 10824.0, 9576.0, 2881.0, 2025.0, 8364.0, 3699.0, 13317.0, 1459.5, 5810.0, 4794.0, 9301.0, 12369.5, 14256.0, 13557.5, 3139.0, 1617.0, 4810.0, 8344.0, 2925.0, 4228.0, 152.0, 13005.0, 308.0, 5037.5, 8424.0, 3846.5, 8690.0, 8268.0, 7680.0, 8694.0, 15390.0, 1304.0, 12628.0, 10560.0, 10707.0, 7348.0, 12768.0, 8027.5, 14960.0, 5643.0, 7482.0, 6228.0, 14355.0, 8575.0, 528.0, 10177.5, 7743.0, 2595.5, 13050.0, 2262.5, 13377.0, 11712.0, 11408.0, 11470.0, 3162.0, 9724.0, 2632.0, 14931.0, 12350.0, 6780.5, 12672.0, 18528.0, 8342.0, 3120.0, 10486.0, 3546.0, 15444.0, 18507.0, 1400.0].

Resulting configuration: [33483.0, 32871.5, 11549.5, 20793.0, 22989.5, 8372.0, 5651.5, 5643.0, 19264.5, 12109.0, 18736.5, 1304.0, 21930.0, 20662.0, 12890.0, 27729.0, 17055.0, 30597.5, 33421.0, 31366.0, 17195.0, 18106.5, 14026.0, 29284.5, 31646.0, 22009.0, 14931.0, 28078.0, 9384.0, 28314.5, 34191.0, 35311.5, 21484.0, 34180.5, 28989.0, 10714.5, 7031.0, 1870.5, 11136.0, 17024.5, 6048.0, 22992.0, 11032.5, 17707.0, 10824.0, 20684.0, 10631.0, 19454.5, 30372.5, 33849.5]. 
With fitness 34007.5 between heaviest and lightest bins. --- In 108.5707495212555 seconds ---

Resulting configuration: [21640.5, 14958.0, 23620.0, 32669.0, 10254.0, 10780.0, 17264.0, 4268.0, 38426.5, 11777.5, 20462.5, 16004.0, 20381.0, 11153.5, 24515.0, 6644.0, 27544.0, 32179.0, 4549.5, 18939.0, 27833.0, 14258.5, 19844.5, 6507.5, 30256.0, 17160.0, 23519.5, 36988.0, 13285.0, 38903.5, 39843.0, 16888.0, 5311.0, 16125.0, 20411.0, 15570.0, 6330.5, 15127.0, 27134.5, 14706.5, 22479.5, 22623.5, 16335.0, 12994.5, 35360.5, 21588.0, 36708.0, 11146.0, 30767.5, 2886.0]. 
With fitness 36957.0 between heaviest and lightest bins. --- In 106.62108564376831 seconds ---

Resulting configuration: [11649.0, 8583.5, 20689.0, 19505.0, 20715.0, 22429.5, 16719.5, 35362.0, 24082.0, 5897.0, 22433.0, 20379.5, 20226.0, 5264.0, 35116.0, 2922.0, 11828.0, 24457.5, 23608.0, 10098.0, 14962.0, 18483.0, 13591.0, 9663.5, 19408.0, 25344.0, 35648.5, 3549.0, 8584.5, 28123.0, 18528.0, 32630.0, 29354.5, 34552.5, 3276.5, 34995.0, 13178.5, 8364.0, 34616.0, 9332.5, 28258.5, 25841.0, 8359.5, 12867.5, 28637.5, 25422.0, 36981.5, 35295.0, 10061.0, 17048.5]. 
With fitness 34059.5 between heaviest and lightest bins. --- In 110.50706791877747 seconds ---

Resulting configuration: [7187.0, 5059.0, 23781.0, 15824.0, 15814.5, 27212.0, 13519.5, 24807.0, 9657.5, 26314.0, 26208.5, 31419.5, 9125.0, 35533.0, 8638.0, 18794.0, 17354.0, 33190.0, 27502.5, 23721.0, 18223.0, 29337.0, 21734.5, 30868.5, 15789.5, 24971.5, 10847.0, 8996.0, 35623.0, 32166.0, 19753.5, 11840.0, 17978.5, 14012.0, 35829.5, 16487.5, 22533.5, 8671.0, 7136.0, 22453.0, 11271.0, 28348.5, 15822.0, 18076.5, 6917.0, 4728.0, 4619.5, 41497.0, 26406.5, 23322.0]. 
With fitness 36877.5 between heaviest and lightest bins. --- In 111.31362628936768 seconds ---

Resulting configuration: [27470.5, 18232.5, 21359.0, 23349.0, 13392.0, 0, 30035.5, 7799.0, 11304.0, 35723.0, 19673.5, 37569.0, 18347.5, 1176.0, 6272.0, 13255.5, 6545.5, 18887.0, 5737.5, 11197.0, 24608.0, 15263.5, 26773.5, 14019.5, 15901.0, 21490.0, 33197.5, 20770.0, 19815.5, 80.5, 15554.5, 19064.0, 30033.0, 17980.0, 24154.0, 29332.0, 23169.0, 19032.0, 14882.0, 33665.0, 22112.5, 36240.0, 31061.5, 36310.5, 9871.0, 24053.0, 18150.5, 7745.0, 28171.0, 27095.0]. 
With fitness 37569.0 between heaviest and lightest bins. --- In 109.52172422409058 seconds ---
