Item weights: [145, 172, 168, 116, 79, 160, 56, 107, 38, 179, 156, 170, 24, 161, 136, 91, 166, 162, 119, 157, 128, 53, 57, 192, 58, 66, 1, 160, 64, 172, 180, 26, 163, 25, 134, 187, 142, 27, 52, 170, 104, 100, 39, 31, 44, 32, 95, 128, 144, 187, 28, 31, 150, 76, 70, 39, 45, 86, 120, 164, 180, 127, 184, 62, 20, 73, 51, 109, 75, 110, 121, 175, 108, 10, 186, 85, 54, 89, 117, 162, 58, 56, 97, 163, 107, 96, 141, 106, 187, 96, 50, 122, 93, 174, 148, 79, 182, 74, 174, 113, 49, 199, 73, 52, 71, 3, 109, 49, 131, 114, 122, 4, 145, 28, 56, 79, 149, 36, 154, 31, 116, 198, 52, 149, 78, 26, 55, 51, 46, 127, 22, 102, 54, 147, 115, 62, 31, 199, 6, 169, 148, 190, 107, 178, 83, 200, 132, 199, 17, 27, 144, 196, 113, 165, 11, 28, 39, 97, 50, 120, 68, 2, 127, 52, 200, 65, 185, 155, 38, 50, 33, 58, 29, 9, 145, 96, 139, 52, 114, 167, 33, 122, 170, 59, 151, 187, 194, 87, 74, 137, 27, 25, 14, 83, 104, 149, 105, 27, 34, 100].

Resulting configuration: [1995, 1981, 2159, 2047, 1881, 2034, 1991, 2078, 1889, 2060]. 
With fitness 0.3597122302158273.
In 65.55239772796631 seconds.

Resulting configuration: [2057, 2099, 2071, 2078, 2016, 1934, 2066, 1916, 1893, 1985]. 
With fitness 0.4854368932038835.
In 65.53783702850342 seconds.

Resulting configuration: [1956, 2017, 1949, 2105, 2045, 2139, 1956, 1968, 1932, 2048]. 
With fitness 0.4830917874396135.
In 60.32114768028259 seconds.

Resulting configuration: [2003, 1994, 2067, 1988, 2201, 1944, 1936, 2009, 2007, 1966]. 
With fitness 0.37735849056603776.
In 60.39004635810852 seconds.

Resulting configuration: [1953, 2075, 2038, 2038, 1938, 1903, 2076, 1973, 2009, 2112]. 
With fitness 0.4784688995215311.
In 60.19323110580444 seconds.

---------- Updated the fitness function ------------

Item weights: [143, 154, 157, 7, 162, 118, 175, 28, 63, 8, 20, 189, 115, 1, 83, 52, 74, 62, 86, 58, 50, 102, 163, 23, 28, 97, 120, 148, 1, 84, 134, 71, 28, 31, 7, 133, 166, 199, 18, 166, 88, 44, 40, 15, 96, 98, 1, 70, 192, 103, 47, 78, 183, 74, 169, 47, 160, 96, 135, 131, 187, 70, 149, 102, 145, 179, 29, 68, 29, 135, 123, 131, 72, 65, 88, 58, 173, 89, 117, 24, 146, 193, 175, 168, 42, 64, 99, 120, 86, 149, 56, 59, 142, 48, 198, 155, 37, 158, 98, 48, 93, 133, 180, 133, 54, 128, 45, 183, 114, 180, 121, 145, 108, 152, 189, 181, 75, 29, 45, 62, 84, 93, 105, 123, 82, 4, 146, 166, 158, 100, 111, 101, 85, 153, 86, 89, 150, 129, 23, 54, 115, 20, 119, 81, 70, 63, 94, 104, 144, 22, 18, 72, 182, 142, 30, 33, 12, 48, 112, 140, 14, 185, 94, 39, 36, 10, 67, 177, 196, 159, 158, 183, 136, 109, 87, 1, 167, 21, 100, 110, 136, 106, 7, 200, 111, 102, 120, 196, 17, 136, 6, 115, 165, 159, 130, 71, 125, 20, 121, 48].

Resulting configuration: [2011, 2115, 1960, 1921, 1905, 2088, 2147, 1897, 1910, 1864]. 
With fitness 283 between heaviest and lightest bins. --- In 64.35224223136902 seconds ---

Resulting configuration: [2165, 2181, 2012, 2180, 1976, 1791, 1808, 2044, 1886, 1775]. 
With fitness 406 between heaviest and lightest bins. --- In 63.759007930755615 seconds ---

Resulting configuration: [1957, 1843, 1938, 1959, 1991, 2034, 2042, 2085, 1894, 2075]. 
With fitness 242 between heaviest and lightest bins. --- In 66.25871062278748 seconds ---

Resulting configuration: [2086, 2029, 2060, 1960, 2007, 1946, 1949, 1969, 1928, 1884]. 
With fitness 202 between heaviest and lightest bins. --- In 68.70732140541077 seconds ---

Resulting configuration: [1952, 2015, 1967, 2050, 1970, 1905, 2019, 2019, 1934, 1987]. 
With fitness 145 between heaviest and lightest bins. --- In 68.2146623134613 seconds ---
