Item weights: [6.5, 74.0, 226.5, 84.0, 7.5, 315.0, 136.5, 192.0, 697.5, 595.0, 539.0, 24.0, 754.0, 1127.0, 960.0, 1440.0, 1011.5, 198.0, 1748.0, 290.0, 1071.0, 2123.0, 80.5, 336.0, 1237.5, 1560.0, 2632.5, 2226.0, 174.0, 1845.0, 2588.5, 1376.0, 2574.0, 1734.0, 2380.0, 558.0, 3330.0, 247.0, 3003.0, 440.0, 2316.5, 1512.0, 666.5, 44.0, 4455.0, 805.0, 3548.5, 2400.0, 1176.0, 3975.0, 2346.0, 2184.0, 4982.0, 5292.0, 522.5, 3948.0, 2878.5, 2117.0, 1888.0, 1950.0, 1128.5, 1240.0, 850.5, 3840.0, 97.5, 957.0, 435.5, 6392.0, 2173.5, 1505.0, 6425.5, 3060.0, 4380.0, 6179.0, 562.5, 4826.0, 3503.5, 1404.0, 355.5, 4800.0, 931.5, 1558.0, 2573.0, 6048.0, 5737.5, 387.0, 5611.5, 5280.0, 44.5, 7605.0, 3549.0, 6026.0, 4464.0, 7567.0, 1472.5, 3168.0, 5723.0, 5096.0, 3019.5, 7150.0, 1868.5, 9588.0, 4892.5, 8996.0, 2152.5, 5035.0, 7490.0, 10098.0, 3706.0, 10835.0, 555.0, 6272.0, 1864.5, 8094.0, 10637.5, 8584.0, 8248.5, 1593.0, 11424.0, 120.0, 8349.0, 9516.0, 7318.5, 8618.0, 11000.0, 126.0, 4381.5, 1920.0, 9481.5, 10790.0, 1965.0, 10824.0, 9576.0, 2881.0, 2025.0, 8364.0, 3699.0, 13317.0, 1459.5, 5810.0, 4794.0, 9301.0, 12369.5, 14256.0, 13557.5, 3139.0, 1617.0, 4810.0, 8344.0, 2925.0, 4228.0, 152.0, 13005.0, 308.0, 5037.5, 8424.0, 3846.5, 8690.0, 8268.0, 7680.0, 8694.0, 15390.0, 1304.0, 12628.0, 10560.0, 10707.0, 7348.0, 12768.0, 8027.5, 14960.0, 5643.0, 7482.0, 6228.0, 14355.0, 8575.0, 528.0, 10177.5, 7743.0, 2595.5, 13050.0, 2262.5, 13377.0, 11712.0, 11408.0, 11470.0, 3162.0, 9724.0, 2632.0, 14931.0, 12350.0, 6780.5, 12672.0, 18528.0, 8342.0, 3120.0, 10486.0, 3546.0, 15444.0, 18507.0, 1400.0].

Resulting configuration: [15673.5, 26440.0, 28614.0, 21282.0, 15818.0, 6228.0, 28282.5, 3302.0, 13658.5, 4892.5, 12369.5, 35222.5, 31524.0, 7434.5, 29813.0, 23731.0, 24950.5, 19186.0, 14506.5, 18649.0, 5011.0, 25321.5, 17606.5, 7757.0, 13106.0, 32785.0, 31281.5, 17118.0, 25502.5, 33229.5, 29846.0, 19348.0, 22321.0, 34861.0, 6827.5, 13996.5, 13817.0, 32671.5, 27033.5, 14400.0, 21148.5, 19195.5, 22386.5, 26513.5, 16429.5, 14884.5, 16829.5, 14516.5, 17053.5, 12544.0]. 
With fitness 31920.5 between heaviest and lightest bins. --- In 133.793194770813 seconds ---

Resulting configuration: [18596.0, 15619.5, 15137.0, 23544.0, 15346.5, 27209.0, 28959.0, 30205.0, 29939.0, 19362.0, 33067.0, 17340.5, 15488.0, 17394.0, 20056.0, 24153.0, 23179.5, 8001.5, 18002.0, 12944.0, 20924.5, 13557.5, 21443.0, 10698.5, 23177.5, 8249.5, 14895.0, 22057.0, 11916.5, 27591.0, 18013.5, 22294.0, 12461.0, 9657.5, 11521.5, 17526.0, 19101.0, 32042.5, 18528.0, 21434.5, 24532.5, 10863.5, 34762.0, 16651.5, 26586.0, 18927.5, 29612.0, 10770.5, 9151.5, 34430.5]. 
With fitness 26760.5 between heaviest and lightest bins. --- In 133.24430537223816 seconds ---

Resulting configuration: [28595.5, 23971.5, 9203.5, 24997.0, 13317.0, 12369.5, 26702.5, 19616.5, 19917.0, 11679.0, 29311.0, 14446.5, 15564.5, 20240.0, 33068.0, 26067.0, 11721.5, 12161.5, 14697.0, 11474.0, 6672.5, 13632.0, 14850.0, 18659.0, 34587.0, 13412.0, 12850.5, 23772.5, 10138.0, 25330.0, 20898.0, 25020.0, 27170.0, 32142.0, 29581.5, 22097.0, 12534.0, 8075.0, 33715.0, 6305.0, 27068.5, 17520.0, 13050.0, 29286.0, 32749.5, 9652.0, 8077.0, 29590.5, 25723.5, 23641.5]. 
With fitness 28282.0 between heaviest and lightest bins. --- In 132.9420714378357 seconds ---

Resulting configuration: [14278.0, 15893.5, 11144.0, 26952.5, 28981.5, 26443.5, 17139.5, 28324.5, 22284.0, 28494.0, 21123.5, 17321.5, 18179.0, 18799.0, 26005.5, 27001.0, 18801.0, 25206.5, 26933.0, 26413.5, 13603.5, 26077.5, 5141.0, 4794.0, 21526.0, 19244.0, 12831.0, 21613.5, 24025.0, 22086.0, 27432.0, 16962.0, 18850.5, 27701.5, 29994.0, 12590.0, 23738.5, 23265.5, 7985.0, 12813.5, 11187.5, 25868.5, 28835.0, 19755.5, 8971.0, 10159.0, 22502.0, 15058.0, 8930.0, 17660.5]. 
With fitness 25200.0 between heaviest and lightest bins. --- In 132.55769658088684 seconds ---

Resulting configuration: [22098.0, 20419.5, 15156.0, 27610.0, 24206.5, 13285.0, 27381.0, 26541.0, 17624.0, 27127.0, 13249.0, 26247.5, 22167.5, 29461.0, 16428.5, 14208.5, 22101.5, 11074.5, 5801.0, 14517.0, 28071.0, 24619.0, 28012.5, 29201.0, 16672.0, 19595.5, 14529.5, 18298.5, 18936.5, 11558.5, 29460.5, 25750.0, 28917.0, 11812.0, 17016.0, 24057.5, 13130.0, 11044.5, 15571.0, 11525.0, 16871.0, 24957.5, 24996.0, 7641.0, 15599.0, 27315.5, 17768.0, 9344.0, 21525.5, 26420.5]. 
With fitness 23660.0 between heaviest and lightest bins. --- In 132.46640396118164 seconds ---
