Item weights: [145, 172, 168, 116, 79, 160, 56, 107, 38, 179, 156, 170, 24, 161, 136, 91, 166, 162, 119, 157, 128, 53, 57, 192, 58, 66, 1, 160, 64, 172, 180, 26, 163, 25, 134, 187, 142, 27, 52, 170, 104, 100, 39, 31, 44, 32, 95, 128, 144, 187, 28, 31, 150, 76, 70, 39, 45, 86, 120, 164, 180, 127, 184, 62, 20, 73, 51, 109, 75, 110, 121, 175, 108, 10, 186, 85, 54, 89, 117, 162, 58, 56, 97, 163, 107, 96, 141, 106, 187, 96, 50, 122, 93, 174, 148, 79, 182, 74, 174, 113, 49, 199, 73, 52, 71, 3, 109, 49, 131, 114, 122, 4, 145, 28, 56, 79, 149, 36, 154, 31, 116, 198, 52, 149, 78, 26, 55, 51, 46, 127, 22, 102, 54, 147, 115, 62, 31, 199, 6, 169, 148, 190, 107, 178, 83, 200, 132, 199, 17, 27, 144, 196, 113, 165, 11, 28, 39, 97, 50, 120, 68, 2, 127, 52, 200, 65, 185, 155, 38, 50, 33, 58, 29, 9, 145, 96, 139, 52, 114, 167, 33, 122, 170, 59, 151, 187, 194, 87, 74, 137, 27, 25, 14, 83, 104, 149, 105, 27, 34, 100].

Resulting configuration: [2015, 2016, 2005, 2017, 2003, 1999, 2001, 2023, 2014, 2022]. 
With fitness 4.166666666666667.
In 560.5936365127563 seconds.

Resulting configuration: [2001, 2010, 2004, 2015, 2007, 2014, 2012, 2004, 2026, 2022]. 
With fitness 4.0.
In 561.5137445926666 seconds.

Resulting configuration: [2009, 2011, 2009, 2009, 2010, 2021, 2015, 2001, 2019, 2011]. 
With fitness 5.0.
In 557.80282330513 seconds.

Resulting configuration: [2010, 2003, 2002, 2004, 2021, 2007, 2019, 2023, 2011, 2015]. 
With fitness 4.761904761904762.
In 572.6627736091614 seconds.

Resulting configuration: [2022, 2012, 2012, 2009, 2008, 2004, 1998, 2014, 2018, 2018]. 
With fitness 4.166666666666667.
In 584.5027329921722 seconds.

---------- Updated the fitness function ------------

Item weights: [143, 154, 157, 7, 162, 118, 175, 28, 63, 8, 20, 189, 115, 1, 83, 52, 74, 62, 86, 58, 50, 102, 163, 23, 28, 97, 120, 148, 1, 84, 134, 71, 28, 31, 7, 133, 166, 199, 18, 166, 88, 44, 40, 15, 96, 98, 1, 70, 192, 103, 47, 78, 183, 74, 169, 47, 160, 96, 135, 131, 187, 70, 149, 102, 145, 179, 29, 68, 29, 135, 123, 131, 72, 65, 88, 58, 173, 89, 117, 24, 146, 193, 175, 168, 42, 64, 99, 120, 86, 149, 56, 59, 142, 48, 198, 155, 37, 158, 98, 48, 93, 133, 180, 133, 54, 128, 45, 183, 114, 180, 121, 145, 108, 152, 189, 181, 75, 29, 45, 62, 84, 93, 105, 123, 82, 4, 146, 166, 158, 100, 111, 101, 85, 153, 86, 89, 150, 129, 23, 54, 115, 20, 119, 81, 70, 63, 94, 104, 144, 22, 18, 72, 182, 142, 30, 33, 12, 48, 112, 140, 14, 185, 94, 39, 36, 10, 67, 177, 196, 159, 158, 183, 136, 109, 87, 1, 167, 21, 100, 110, 136, 106, 7, 200, 111, 102, 120, 196, 17, 136, 6, 115, 165, 159, 130, 71, 125, 20, 121, 48].

Resulting configuration: [1992, 1993, 1975, 1990, 1976, 1974, 1977, 1987, 1974, 1980]. 
With fitness 19 between heaviest and lightest bins. --- In 592.4895823001862 seconds ---

Resulting configuration: [1986, 1987, 1995, 1985, 1974, 1980, 1981, 1984, 1973, 1973]. 
With fitness 22 between heaviest and lightest bins. --- In 594.4772398471832 seconds ---

Resulting configuration: [1986, 1975, 1984, 1976, 1995, 1978, 1993, 1975, 1980, 1976]. 
With fitness 20 between heaviest and lightest bins. --- In 609.3128144741058 seconds ---

Resulting configuration: [1974, 1989, 1989, 1989, 1978, 1976, 1985, 1982, 1980, 1976]. 
With fitness 15 between heaviest and lightest bins. --- In 575.669926404953 seconds ---

Resulting configuration: [1981, 1986, 1973, 1975, 1990, 1975, 1973, 1985, 1992, 1988]. 
With fitness 19 between heaviest and lightest bins. --- In 569.0311968326569 seconds ---
