Item weights: [6.5, 74.0, 226.5, 84.0, 7.5, 315.0, 136.5, 192.0, 697.5, 595.0, 539.0, 24.0, 754.0, 1127.0, 960.0, 1440.0, 1011.5, 198.0, 1748.0, 290.0, 1071.0, 2123.0, 80.5, 336.0, 1237.5, 1560.0, 2632.5, 2226.0, 174.0, 1845.0, 2588.5, 1376.0, 2574.0, 1734.0, 2380.0, 558.0, 3330.0, 247.0, 3003.0, 440.0, 2316.5, 1512.0, 666.5, 44.0, 4455.0, 805.0, 3548.5, 2400.0, 1176.0, 3975.0, 2346.0, 2184.0, 4982.0, 5292.0, 522.5, 3948.0, 2878.5, 2117.0, 1888.0, 1950.0, 1128.5, 1240.0, 850.5, 3840.0, 97.5, 957.0, 435.5, 6392.0, 2173.5, 1505.0, 6425.5, 3060.0, 4380.0, 6179.0, 562.5, 4826.0, 3503.5, 1404.0, 355.5, 4800.0, 931.5, 1558.0, 2573.0, 6048.0, 5737.5, 387.0, 5611.5, 5280.0, 44.5, 7605.0, 3549.0, 6026.0, 4464.0, 7567.0, 1472.5, 3168.0, 5723.0, 5096.0, 3019.5, 7150.0, 1868.5, 9588.0, 4892.5, 8996.0, 2152.5, 5035.0, 7490.0, 10098.0, 3706.0, 10835.0, 555.0, 6272.0, 1864.5, 8094.0, 10637.5, 8584.0, 8248.5, 1593.0, 11424.0, 120.0, 8349.0, 9516.0, 7318.5, 8618.0, 11000.0, 126.0, 4381.5, 1920.0, 9481.5, 10790.0, 1965.0, 10824.0, 9576.0, 2881.0, 2025.0, 8364.0, 3699.0, 13317.0, 1459.5, 5810.0, 4794.0, 9301.0, 12369.5, 14256.0, 13557.5, 3139.0, 1617.0, 4810.0, 8344.0, 2925.0, 4228.0, 152.0, 13005.0, 308.0, 5037.5, 8424.0, 3846.5, 8690.0, 8268.0, 7680.0, 8694.0, 15390.0, 1304.0, 12628.0, 10560.0, 10707.0, 7348.0, 12768.0, 8027.5, 14960.0, 5643.0, 7482.0, 6228.0, 14355.0, 8575.0, 528.0, 10177.5, 7743.0, 2595.5, 13050.0, 2262.5, 13377.0, 11712.0, 11408.0, 11470.0, 3162.0, 9724.0, 2632.0, 14931.0, 12350.0, 6780.5, 12672.0, 18528.0, 8342.0, 3120.0, 10486.0, 3546.0, 15444.0, 18507.0, 1400.0].

Resulting configuration: [22495.5, 22729.5, 22342.5, 14717.0, 20511.5, 20237.0, 20532.0, 18851.0, 17375.5, 14931.0, 18918.0, 24501.0, 22526.0, 21934.5, 19774.0, 13952.5, 27965.0, 13749.5, 27888.5, 21946.0, 27104.0, 14280.0, 22048.0, 20625.5, 17996.5, 16681.5, 17298.5, 14584.0, 28570.0, 25021.5, 19876.5, 13448.5, 24480.0, 19537.5, 20405.0, 17879.0, 15370.0, 25106.5, 13134.0, 16250.0, 13364.0, 15474.0, 13809.5, 18250.0, 13347.5, 18942.0, 28372.5, 21032.5, 26164.0, 20589.5]. 
With fitness 15436.0 between heaviest and lightest bins. --- In 1104.072612285614 seconds ---

Resulting configuration: [22878.5, 17652.0, 21648.0, 15688.0, 22422.0, 15314.5, 19373.5, 15242.0, 24677.5, 25645.5, 24868.5, 16250.5, 20391.5, 22008.0, 23597.5, 21710.0, 18393.5, 20315.5, 16897.0, 18000.0, 16571.5, 23727.0, 14926.5, 20957.5, 18648.0, 23311.0, 16625.0, 24132.0, 19448.5, 18337.5, 19494.5, 21675.0, 27405.0, 18329.0, 14388.0, 16567.5, 20192.5, 14963.0, 19609.5, 15241.5, 21357.0, 19752.0, 23679.5, 14570.0, 25318.5, 15150.5, 22956.5, 19879.0, 18888.0, 17845.0]. 
With fitness 13017.0 between heaviest and lightest bins. --- In 1119.9223160743713 seconds ---

Resulting configuration: [15366.5, 17244.0, 14957.5, 14957.5, 17787.5, 27722.5, 16843.0, 19914.0, 20020.0, 21270.5, 15627.0, 15845.0, 18905.0, 17291.0, 22666.0, 19384.0, 16600.5, 27550.0, 22544.5, 24202.5, 19511.5, 17516.0, 14862.0, 25580.5, 18336.5, 15736.0, 21278.0, 23365.0, 21634.0, 20287.0, 17928.0, 16545.5, 19441.0, 23495.5, 23947.5, 23925.0, 19871.5, 15805.0, 19823.0, 22719.0, 19642.0, 16969.0, 21664.0, 18887.5, 22298.0, 15390.5, 21791.0, 19073.0, 20126.5, 22772.0]. 
With fitness 12860.5 between heaviest and lightest bins. --- In 1142.6825926303864 seconds ---

Resulting configuration: [18879.0, 16588.5, 19890.0, 18659.0, 16938.5, 19021.5, 15732.5, 26554.0, 18731.0, 24835.0, 20187.0, 16622.0, 16827.0, 18117.0, 22147.0, 16298.0, 24043.5, 17418.0, 19384.0, 22206.0, 26562.0, 19591.5, 18265.5, 20456.0, 16970.5, 21462.0, 18765.0, 16388.5, 17992.0, 20564.0, 15943.0, 22343.5, 19094.0, 18830.0, 20639.5, 18405.5, 18745.5, 26871.0, 19152.0, 17556.5, 25475.5, 16311.5, 17503.0, 17601.5, 21412.0, 19210.5, 26362.5, 18616.5, 15825.5, 24925.0]. 
With fitness 11138.5 between heaviest and lightest bins. --- In 1155.9091033935547 seconds ---

Resulting configuration: [19143.5, 24599.5, 20814.5, 26231.0, 14610.5, 16091.0, 22186.5, 23732.5, 18894.0, 20360.5, 19367.5, 17262.0, 14225.0, 18528.0, 21212.0, 13841.0, 22886.0, 22116.5, 14260.5, 18918.0, 21182.5, 14557.0, 19999.0, 24739.5, 23694.5, 21132.5, 22340.5, 20630.0, 22013.5, 14781.0, 19134.0, 15586.0, 23748.5, 15317.0, 20562.5, 21392.0, 24096.0, 22614.0, 18230.5, 16980.0, 21192.0, 25339.5, 14950.5, 17705.0, 25080.0, 18860.5, 23008.5, 17296.5, 14910.0, 16566.5]. 
With fitness 12390.0 between heaviest and lightest bins. --- In 1153.7235896587372 seconds ---
