Item weights: [145, 172, 168, 116, 79, 160, 56, 107, 38, 179, 156, 170, 24, 161, 136, 91, 166, 162, 119, 157, 128, 53, 57, 192, 58, 66, 1, 160, 64, 172, 180, 26, 163, 25, 134, 187, 142, 27, 52, 170, 104, 100, 39, 31, 44, 32, 95, 128, 144, 187, 28, 31, 150, 76, 70, 39, 45, 86, 120, 164, 180, 127, 184, 62, 20, 73, 51, 109, 75, 110, 121, 175, 108, 10, 186, 85, 54, 89, 117, 162, 58, 56, 97, 163, 107, 96, 141, 106, 187, 96, 50, 122, 93, 174, 148, 79, 182, 74, 174, 113, 49, 199, 73, 52, 71, 3, 109, 49, 131, 114, 122, 4, 145, 28, 56, 79, 149, 36, 154, 31, 116, 198, 52, 149, 78, 26, 55, 51, 46, 127, 22, 102, 54, 147, 115, 62, 31, 199, 6, 169, 148, 190, 107, 178, 83, 200, 132, 199, 17, 27, 144, 196, 113, 165, 11, 28, 39, 97, 50, 120, 68, 2, 127, 52, 200, 65, 185, 155, 38, 50, 33, 58, 29, 9, 145, 96, 139, 52, 114, 167, 33, 122, 170, 59, 151, 187, 194, 87, 74, 137, 27, 25, 14, 83, 104, 149, 105, 27, 34, 100].

Resulting configuration: [2031, 1997, 1979, 2045, 2039, 2043, 1985, 2022, 1999, 1975].
With fitness 1.4285714285714286.
In 555.7315165996552 seconds.

Resulting configuration: [1990, 2009, 2012, 2021, 1989, 2000, 2052, 2040, 2009, 1993]. 
With fitness 1.5873015873015872.
In 553.6891939640045 seconds.

Resulting configuration: [1993, 2007, 2026, 2022, 1994, 2011, 2013, 2019, 2016, 2014]. 
With fitness 3.0303030303030303.
In 554.3075339794159 seconds.

Resulting configuration: [2024, 2030, 2007, 1988, 2028, 2025, 1998, 1984, 2026, 2005]. 
With fitness 2.1739130434782608.
In 557.8210277557373 seconds.

Resulting configuration: [2003, 2015, 1999, 2016, 2001, 2014, 2021, 1997, 2025, 2024]. 
With fitness 3.5714285714285716.
In 556.8659732341766 seconds.

---------- Updated the fitness function ------------

Item weights: [143, 154, 157, 7, 162, 118, 175, 28, 63, 8, 20, 189, 115, 1, 83, 52, 74, 62, 86, 58, 50, 102, 163, 23, 28, 97, 120, 148, 1, 84, 134, 71, 28, 31, 7, 133, 166, 199, 18, 166, 88, 44, 40, 15, 96, 98, 1, 70, 192, 103, 47, 78, 183, 74, 169, 47, 160, 96, 135, 131, 187, 70, 149, 102, 145, 179, 29, 68, 29, 135, 123, 131, 72, 65, 88, 58, 173, 89, 117, 24, 146, 193, 175, 168, 42, 64, 99, 120, 86, 149, 56, 59, 142, 48, 198, 155, 37, 158, 98, 48, 93, 133, 180, 133, 54, 128, 45, 183, 114, 180, 121, 145, 108, 152, 189, 181, 75, 29, 45, 62, 84, 93, 105, 123, 82, 4, 146, 166, 158, 100, 111, 101, 85, 153, 86, 89, 150, 129, 23, 54, 115, 20, 119, 81, 70, 63, 94, 104, 144, 22, 18, 72, 182, 142, 30, 33, 12, 48, 112, 140, 14, 185, 94, 39, 36, 10, 67, 177, 196, 159, 158, 183, 136, 109, 87, 1, 167, 21, 100, 110, 136, 106, 7, 200, 111, 102, 120, 196, 17, 136, 6, 115, 165, 159, 130, 71, 125, 20, 121, 48].

Resulting configuration: [1996, 1994, 1996, 2008, 1941, 1998, 1966, 1976, 1948, 1995]. 
With fitness 67 between heaviest and lightest bins. --- In 560.333381652832 seconds ---

Resulting configuration: [1976, 1997, 1959, 1971, 2005, 2000, 2018, 1974, 1952, 1966]. 
With fitness 66 between heaviest and lightest bins. --- In 557.1585199832916 seconds ---

Resulting configuration: [1954, 1989, 2008, 1975, 1992, 1977, 1981, 1955, 2003, 1984]. 
With fitness 54 between heaviest and lightest bins. --- In 585.8297410011292 seconds ---

Resulting configuration: [1981, 1978, 1966, 2010, 1965, 1973, 1996, 1975, 2005, 1969]. 
With fitness 45 between heaviest and lightest bins. --- In 589.6145167350769 seconds ---

Resulting configuration: [1972, 1967, 1996, 1991, 1991, 1972, 2007, 1987, 1973, 1962]. 
With fitness 45 between heaviest and lightest bins. --- In 575.9394843578339 seconds ---
