Item weights: [6.5, 74.0, 226.5, 84.0, 7.5, 315.0, 136.5, 192.0, 697.5, 595.0, 539.0, 24.0, 754.0, 1127.0, 960.0, 1440.0, 1011.5, 198.0, 1748.0, 290.0, 1071.0, 2123.0, 80.5, 336.0, 1237.5, 1560.0, 2632.5, 2226.0, 174.0, 1845.0, 2588.5, 1376.0, 2574.0, 1734.0, 2380.0, 558.0, 3330.0, 247.0, 3003.0, 440.0, 2316.5, 1512.0, 666.5, 44.0, 4455.0, 805.0, 3548.5, 2400.0, 1176.0, 3975.0, 2346.0, 2184.0, 4982.0, 5292.0, 522.5, 3948.0, 2878.5, 2117.0, 1888.0, 1950.0, 1128.5, 1240.0, 850.5, 3840.0, 97.5, 957.0, 435.5, 6392.0, 2173.5, 1505.0, 6425.5, 3060.0, 4380.0, 6179.0, 562.5, 4826.0, 3503.5, 1404.0, 355.5, 4800.0, 931.5, 1558.0, 2573.0, 6048.0, 5737.5, 387.0, 5611.5, 5280.0, 44.5, 7605.0, 3549.0, 6026.0, 4464.0, 7567.0, 1472.5, 3168.0, 5723.0, 5096.0, 3019.5, 7150.0, 1868.5, 9588.0, 4892.5, 8996.0, 2152.5, 5035.0, 7490.0, 10098.0, 3706.0, 10835.0, 555.0, 6272.0, 1864.5, 8094.0, 10637.5, 8584.0, 8248.5, 1593.0, 11424.0, 120.0, 8349.0, 9516.0, 7318.5, 8618.0, 11000.0, 126.0, 4381.5, 1920.0, 9481.5, 10790.0, 1965.0, 10824.0, 9576.0, 2881.0, 2025.0, 8364.0, 3699.0, 13317.0, 1459.5, 5810.0, 4794.0, 9301.0, 12369.5, 14256.0, 13557.5, 3139.0, 1617.0, 4810.0, 8344.0, 2925.0, 4228.0, 152.0, 13005.0, 308.0, 5037.5, 8424.0, 3846.5, 8690.0, 8268.0, 7680.0, 8694.0, 15390.0, 1304.0, 12628.0, 10560.0, 10707.0, 7348.0, 12768.0, 8027.5, 14960.0, 5643.0, 7482.0, 6228.0, 14355.0, 8575.0, 528.0, 10177.5, 7743.0, 2595.5, 13050.0, 2262.5, 13377.0, 11712.0, 11408.0, 11470.0, 3162.0, 9724.0, 2632.0, 14931.0, 12350.0, 6780.5, 12672.0, 18528.0, 8342.0, 3120.0, 10486.0, 3546.0, 15444.0, 18507.0, 1400.0].

Resulting configuration: [19686.0, 14617.0, 23893.0, 17103.5, 23341.0, 16389.0, 19971.5, 22787.5, 21510.5, 21019.0, 16387.5, 24949.5, 24733.0, 15411.5, 20076.0, 20642.0, 12970.0, 23824.5, 12178.0, 13118.0, 11347.0, 27813.5, 27099.5, 13358.0, 15857.5, 18671.0, 21011.5, 19525.5, 15985.5, 28100.5, 19989.5, 21837.0, 25231.5, 14856.5, 23718.5, 13932.5, 10367.5, 26282.0, 23197.5, 24095.5, 14197.5, 21931.5, 25193.0, 16511.0, 22278.5, 18141.0, 18727.5, 22122.5, 12874.5, 28057.0]. 
With fitness 17733.0 between heaviest and lightest bins. --- In 1057.804156780243 seconds ---

Resulting configuration: [28149.5, 10174.0, 30051.0, 14973.5, 19273.5, 23144.0, 17984.5, 26780.0, 18839.0, 15444.0, 24379.0, 20148.5, 24732.0, 10082.5, 12848.5, 30426.0, 28712.5, 18906.5, 28197.0, 23866.5, 13915.5, 21099.0, 13330.0, 27755.5, 10560.0, 20400.0, 16344.5, 28477.0, 25521.0, 11449.0, 22674.5, 10180.0, 14793.0, 9759.0, 18057.0, 26345.5, 29859.0, 16299.5, 25266.0, 22262.5, 24619.5, 16252.0, 24333.5, 12878.0, 21550.5, 15194.0, 12432.5, 16509.0, 21114.0, 10577.0]. 
With fitness 20667.0 between heaviest and lightest bins. --- In 990.4115805625916 seconds ---

Resulting configuration: [12251.5, 20295.0, 21733.5, 22845.0, 14207.5, 32178.0, 7159.0, 12368.5, 21428.0, 23604.0, 13125.0, 32060.0, 19721.0, 30040.0, 21937.0, 18654.0, 9301.0, 25587.5, 20385.0, 12116.5, 30182.5, 6876.0, 31003.0, 20195.0, 22725.0, 3948.0, 21720.0, 13050.0, 20264.5, 15734.0, 29350.0, 18151.0, 26331.5, 31160.5, 15490.0, 8749.5, 3949.0, 22484.5, 15695.0, 23946.0, 25526.5, 25299.5, 5611.5, 19913.0, 14849.5, 30214.0, 18793.0, 29363.0, 25476.0, 19871.5]. 
With fitness 28230.0 between heaviest and lightest bins. --- In 989.3191592693329 seconds ---

Resulting configuration: [11810.0, 25171.5, 20092.0, 24982.0, 26768.5, 19128.5, 15139.5, 24431.0, 21824.0, 14874.5, 27692.0, 14517.5, 25511.5, 30932.5, 10967.0, 17510.0, 10153.5, 15646.5, 31036.0, 15490.5, 13386.0, 10864.0, 14012.5, 21280.0, 27732.0, 15446.5, 16243.5, 27658.5, 12819.5, 11276.0, 13517.5, 17553.0, 31427.0, 31099.0, 17987.0, 13557.5, 15310.0, 18038.5, 33506.5, 30322.5, 18896.0, 14761.5, 22550.0, 19804.0, 12153.0, 11023.0, 29503.5, 22567.5, 16526.5, 22419.0]. 
With fitness 23353.0 between heaviest and lightest bins. --- In 984.1708941459656 seconds ---

Resulting configuration: [13746.5, 12948.0, 30326.5, 20171.0, 18866.5, 28168.0, 19424.0, 25515.5, 20530.0, 14969.5, 23045.5, 20652.5, 22275.5, 22933.0, 9694.0, 14595.5, 30033.0, 24586.0, 26575.5, 21925.0, 18819.0, 19068.5, 14474.5, 19166.5, 29487.0, 17312.0, 23908.0, 17148.5, 10697.5, 22990.0, 26134.0, 26935.0, 9080.5, 27832.0, 21827.5, 14085.0, 10098.5, 10921.5, 17513.5, 30394.0, 9956.0, 12356.5, 20513.0, 19778.0, 16310.0, 12605.0, 22931.5, 16947.5, 23299.0, 23349.0]. 
With fitness 21313.5 between heaviest and lightest bins. --- In 1024.179135799408 seconds ---
