Item weights: [90, 163, 107, 33, 47, 189, 147, 188, 185, 182, 45, 111, 14, 15, 83, 25, 105, 40, 131, 38, 109, 199, 39, 137, 76, 180, 164, 190, 1, 4, 73, 181, 129, 122, 173, 150, 39, 79, 103, 171, 83, 5, 13, 85, 72, 28, 198, 32, 54, 106, 109, 24, 171, 170, 46, 198, 92, 36, 89, 35, 37, 2, 107, 122, 154, 24, 1, 196, 176, 16, 2, 180, 63, 131, 136, 69, 27, 147, 196, 134, 143, 46, 30, 85, 47, 86, 117, 158, 172, 193, 6, 156, 93, 140, 128, 2, 198, 12, 77, 21, 89, 79, 92, 123, 133, 186, 137, 138, 17, 62, 118, 147, 67, 73, 7, 193, 159, 25, 182, 32, 86, 68, 123, 150, 8, 52, 132, 195, 157, 115, 73, 140, 17, 176, 135, 64, 133, 185, 157, 37, 12, 95, 43, 173, 110, 191, 26, 153, 133, 111, 111, 88, 183, 135, 114, 38, 143, 25, 195, 7, 163, 100, 85, 54, 113, 57, 43, 58, 168, 151, 91, 100, 40, 133, 71, 128, 152, 155, 71, 45, 26, 176, 121, 95, 93, 61, 168, 144, 43, 183, 130, 161, 114, 96, 200, 111, 63, 160, 16, 13].

Resulting configuration: [2057, 2015, 2105, 1946, 2073, 1857, 2001, 1882, 2174, 2123]. 
With fitness 317 between heaviest and lightest bins. --- In 60.880812883377075 seconds ---

Resulting configuration: [2054, 2029, 1928, 1949, 2111, 2014, 2031, 2121, 2005, 1991]. 
With fitness 193 between heaviest and lightest bins. --- In 60.29260873794556 seconds ---

Resulting configuration: [2038, 2083, 2084, 1897, 1866, 2138, 2120, 1994, 1951, 2062]. 
With fitness 272 between heaviest and lightest bins. --- In 59.838361740112305 seconds ---

Resulting configuration: [2002, 2069, 1919, 2102, 2007, 2092, 2061, 1947, 1906, 2128]. 
With fitness 222 between heaviest and lightest bins. --- In 60.030954122543335 seconds ---

Resulting configuration: [2023, 2084, 2003, 1965, 2107, 2155, 1914, 2030, 1966, 1986]. 
With fitness 241 between heaviest and lightest bins. --- In 60.606833934783936 seconds ---
