Item weights: [90, 163, 107, 33, 47, 189, 147, 188, 185, 182, 45, 111, 14, 15, 83, 25, 105, 40, 131, 38, 109, 199, 39, 137, 76, 180, 164, 190, 1, 4, 73, 181, 129, 122, 173, 150, 39, 79, 103, 171, 83, 5, 13, 85, 72, 28, 198, 32, 54, 106, 109, 24, 171, 170, 46, 198, 92, 36, 89, 35, 37, 2, 107, 122, 154, 24, 1, 196, 176, 16, 2, 180, 63, 131, 136, 69, 27, 147, 196, 134, 143, 46, 30, 85, 47, 86, 117, 158, 172, 193, 6, 156, 93, 140, 128, 2, 198, 12, 77, 21, 89, 79, 92, 123, 133, 186, 137, 138, 17, 62, 118, 147, 67, 73, 7, 193, 159, 25, 182, 32, 86, 68, 123, 150, 8, 52, 132, 195, 157, 115, 73, 140, 17, 176, 135, 64, 133, 185, 157, 37, 12, 95, 43, 173, 110, 191, 26, 153, 133, 111, 111, 88, 183, 135, 114, 38, 143, 25, 195, 7, 163, 100, 85, 54, 113, 57, 43, 58, 168, 151, 91, 100, 40, 133, 71, 128, 152, 155, 71, 45, 26, 176, 121, 95, 93, 61, 168, 144, 43, 183, 130, 161, 114, 96, 200, 111, 63, 160, 16, 13].

Resulting configuration: [2050, 2029, 2030, 2053, 1990, 2038, 1986, 1985, 2035, 2037]. 
With fitness 68 between heaviest and lightest bins. --- In 63.08042073249817 seconds ---

Resulting configuration: [1990, 2032, 2050, 1988, 2044, 2006, 2004, 2017, 2056, 2046]. 
With fitness 68 between heaviest and lightest bins. --- In 62.99785828590393 seconds ---

Resulting configuration: [1992, 2042, 2026, 2014, 2034, 1996, 2010, 2038, 2030, 2051]. 
With fitness 59 between heaviest and lightest bins. --- In 62.97482872009277 seconds ---

Resulting configuration: [1991, 2027, 2001, 2044, 2059, 1987, 2056, 2014, 2047, 2007]. 
With fitness 72 between heaviest and lightest bins. --- In 63.139322996139526 seconds ---

Resulting configuration: [2031, 2043, 2042, 2033, 1980, 2034, 2045, 2028, 2039, 1958]. 
With fitness 87 between heaviest and lightest bins. --- In 63.025633096694946 seconds ---
