Item weights: [90, 163, 107, 33, 47, 189, 147, 188, 185, 182, 45, 111, 14, 15, 83, 25, 105, 40, 131, 38, 109, 199, 39, 137, 76, 180, 164, 190, 1, 4, 73, 181, 129, 122, 173, 150, 39, 79, 103, 171, 83, 5, 13, 85, 72, 28, 198, 32, 54, 106, 109, 24, 171, 170, 46, 198, 92, 36, 89, 35, 37, 2, 107, 122, 154, 24, 1, 196, 176, 16, 2, 180, 63, 131, 136, 69, 27, 147, 196, 134, 143, 46, 30, 85, 47, 86, 117, 158, 172, 193, 6, 156, 93, 140, 128, 2, 198, 12, 77, 21, 89, 79, 92, 123, 133, 186, 137, 138, 17, 62, 118, 147, 67, 73, 7, 193, 159, 25, 182, 32, 86, 68, 123, 150, 8, 52, 132, 195, 157, 115, 73, 140, 17, 176, 135, 64, 133, 185, 157, 37, 12, 95, 43, 173, 110, 191, 26, 153, 133, 111, 111, 88, 183, 135, 114, 38, 143, 25, 195, 7, 163, 100, 85, 54, 113, 57, 43, 58, 168, 151, 91, 100, 40, 133, 71, 128, 152, 155, 71, 45, 26, 176, 121, 95, 93, 61, 168, 144, 43, 183, 130, 161, 114, 96, 200, 111, 63, 160, 16, 13].

Resulting configuration: [2019, 2016, 2032, 2018, 2027, 2022, 2029, 2027, 2018, 2025]. 
With fitness 16 between heaviest and lightest bins. --- In 566.6837513446808 seconds ---

Resulting configuration: [2028, 2030, 2027, 2022, 2025, 2016, 2031, 2019, 2016, 2019]. 
With fitness 15 between heaviest and lightest bins. --- In 565.3968026638031 seconds ---

Resulting configuration: [2014, 2033, 2023, 2023, 2033, 2022, 2029, 2023, 2014, 2019]. 
With fitness 19 between heaviest and lightest bins. --- In 565.386456489563 seconds ---

Resulting configuration: [2021, 2022, 2024, 2022, 2025, 2030, 2020, 2020, 2025, 2024]. 
With fitness 10 between heaviest and lightest bins. --- In 569.2422523498535 seconds ---

Resulting configuration: [2033, 2014, 2027, 2022, 2021, 2033, 2030, 2014, 2015, 2024]. 
With fitness 19 between heaviest and lightest bins. --- In 579.6597051620483 seconds ---
