Item weights: [90, 163, 107, 33, 47, 189, 147, 188, 185, 182, 45, 111, 14, 15, 83, 25, 105, 40, 131, 38, 109, 199, 39, 137, 76, 180, 164, 190, 1, 4, 73, 181, 129, 122, 173, 150, 39, 79, 103, 171, 83, 5, 13, 85, 72, 28, 198, 32, 54, 106, 109, 24, 171, 170, 46, 198, 92, 36, 89, 35, 37, 2, 107, 122, 154, 24, 1, 196, 176, 16, 2, 180, 63, 131, 136, 69, 27, 147, 196, 134, 143, 46, 30, 85, 47, 86, 117, 158, 172, 193, 6, 156, 93, 140, 128, 2, 198, 12, 77, 21, 89, 79, 92, 123, 133, 186, 137, 138, 17, 62, 118, 147, 67, 73, 7, 193, 159, 25, 182, 32, 86, 68, 123, 150, 8, 52, 132, 195, 157, 115, 73, 140, 17, 176, 135, 64, 133, 185, 157, 37, 12, 95, 43, 173, 110, 191, 26, 153, 133, 111, 111, 88, 183, 135, 114, 38, 143, 25, 195, 7, 163, 100, 85, 54, 113, 57, 43, 58, 168, 151, 91, 100, 40, 133, 71, 128, 152, 155, 71, 45, 26, 176, 121, 95, 93, 61, 168, 144, 43, 183, 130, 161, 114, 96, 200, 111, 63, 160, 16, 13].

Resulting configuration: [2022, 2040, 2002, 2005, 2004, 2007, 2048, 2053, 1996, 2056]. 
With fitness 60 between heaviest and lightest bins. --- In 550.1754424571991 seconds ---

Resulting configuration: [2015, 2032, 2016, 2005, 2054, 1998, 2024, 2015, 2064, 2010]. 
With fitness 66 between heaviest and lightest bins. --- In 594.7292675971985 seconds ---

Resulting configuration: [2008, 2064, 2017, 2004, 1997, 2045, 2009, 2038, 2028, 2023]. 
With fitness 67 between heaviest and lightest bins. --- In 551.6523447036743 seconds ---

Resulting configuration: [2033, 2036, 2029, 2007, 2050, 2049, 1966, 2047, 1967, 2049]. 
With fitness 84 between heaviest and lightest bins. --- In 550.7307045459747 seconds ---

Resulting configuration: [2033, 2030, 2012, 2001, 2046, 2006, 2000, 2000, 2052, 2053]. 
With fitness 53 between heaviest and lightest bins. --- In 551.8217425346375 seconds ---
